
float x[512] = { 0.3500, 0.3500, 0.3500, 0.3500, 0.3500,
	0.3500,
	0.3500,
	0.3500,
	0.3500,
	0.0200,
	-0.2100,
	-0.3300,
	-0.3700,
	-0.3350,
	-0.2850,
	-0.2300,
	-0.2150,
	-0.2000,
	-0.1900,
	-0.2000,
	-0.2000,
	-0.2100,
	-0.2300,
	-0.2500,
	-0.2550,
	-0.2450,
	-0.2400,
	-0.2150,
	-0.2350,
	-0.2300,
	-0.2300,
	-0.2050,
	-0.1800,
	-0.1650,
	-0.1950,
	-0.2100,
	-0.2150,
	-0.1950,
	-0.1700,
	-0.1550,
	-0.1750,
	-0.1950,
	-0.2100,
	-0.2000,
	-0.2000,
	-0.1950,
	-0.1850,
	-0.1850,
	-0.1800,
	-0.1750,
	-0.1750,
	-0.1650,
	-0.1400,
	-0.1200,
	-0.1150,
	-0.1300,
	-0.1550,
	-0.1900,
	-0.1900,
	-0.1850,
	-0.1800,
	-0.1600,
	-0.1400,
	-0.1300,
	-0.1100,
	-0.1200,
	-0.1300,
	-0.1300,
	-0.1250,
	-0.0950,
	-0.0950,
	-0.0900,
	-0.0800,
	-0.0750,
	-0.0700,
	-0.0750,
	-0.0650,
	-0.0550,
	-0.0600,
	-0.0550,
	-0.0400,
	-0.0300,
	-0.0200,
	-0.0150,
	-0.0150,
	-0.0100,
	0.0150,
	0.0350,
	0.0250,
	0.0150,
	0.0150,
	0.0250,
	0.0250,
	0.0400,
	0.0400,
	0.0300,
	0.0150,
	0.0200,
	0.0350,
	0.0450,
	0.0500,
	0.0250,
	0.0200,
	0.0200,
	0.0100,
	0.0100,
	0,
	-0.0050,
	-0.0250,
	-0.0200,
	-0.0300,
	-0.0300,
	-0.0350,
	-0.0450,
	-0.0550,
	-0.0600,
	-0.0650,
	-0.0750,
	-0.0800,
	-0.0750,
	-0.0750,
	-0.0750,
	-0.0700,
	-0.0750,
	-0.0800,
	-0.0900,
	-0.1000,
	-0.0950,
	-0.0950,
	-0.0850,
	-0.0950,
	-0.1000,
	-0.1000,
	-0.1150,
	-0.1150,
	-0.1300,
	-0.1400,
	-0.1500,
	-0.1600,
	-0.1450,
	-0.1550,
	-0.1600,
	-0.1700,
	-0.1850,
	-0.1750,
	-0.1700,
	-0.1650,
	-0.1700,
	-0.1700,
	-0.1650,
	-0.1800,
	-0.1800,
	-0.2000,
	-0.2000,
	-0.2150,
	-0.2050,
	-0.2100,
	-0.2050,
	-0.2100,
	-0.2200,
	-0.2250,
	-0.2250,
	-0.2400,
	-0.2250,
	-0.2100,
	-0.2050,
	-0.1950,
	-0.1900,
	-0.2000,
	-0.1900,
	-0.1900,
	-0.1850,
	-0.1700,
	-0.1700,
	-0.1750,
	-0.1650,
	-0.1650,
	-0.1850,
	-0.1850,
	-0.2050,
	-0.2050,
	-0.2100,
	-0.1950,
	-0.1950,
	-0.1900,
	-0.1950,
	-0.1950,
	-0.1950,
	-0.1850,
	-0.1750,
	-0.1750,
	-0.2000,
	-0.2250,
	-0.2500,
	-0.2400,
	-0.2400,
	-0.2400,
	-0.2500,
	-0.2600,
	-0.2700,
	-0.2800,
	-0.3050,
	-0.3350,
	-0.3500,
	-0.3400,
	-0.2850,
	-0.2050,
	-0.1350,
	-0.0950,
	-0.0450,
	0.0100,
	0.0750,
	0.1400,
	0.1750,
	0.1350,
	0.0450,
	-0.1550,
	-0.4250,
	-0.7100,
	-0.9150,
	-1.090,
	-1.255,
	-1.395,
	-1.465,
	-1.505,
	-1.490,
	-1.450,
	-1.390,
	-1.340,
	-1.270,
	-1.155,
	-1.025,
	-0.9500,
	-0.9300,
	-0.9300,
	-0.9100,
	-0.8850,
	-0.8650,
	-0.8400,
	-0.8000,
	-0.7550,
	-0.7150,
	-0.6600,
	-0.6300,
	-0.5800,
	-0.5400,
	-0.5100,
	-0.4650,
	-0.4350,
	-0.3950,
	-0.3650,
	-0.3150,
	-0.2650,
	-0.2000,
	-0.1550,
	-0.0900,
	-0.0400,
	-0.0150,
	-0.0100,
	0.0050,
	0.0300,
	0.0550,
	0.0800,
	0.0850,
	0.0900,
	0.1100,
	0.1100,
	0.1300,
	0.1500,
	0.1550,
	0.1500,
	0.1800,
	0.1850,
	0.2050,
	0.2200,
	0.2350,
	0.2350,
	0.2550,
	0.2700,
	0.2900,
	0.2900,
	0.3000,
	0.3000,
	0.3050,
	0.3250,
	0.3150,
	0.3100,
	0.3150,
	0.3150,
	0.3450,
	0.3600,
	0.3700,
	0.3750,
	0.3750,
	0.3650,
	0.3750,
	0.3850,
	0.4100,
	0.4050,
	0.4000,
	0.4000,
	0.4050,
	0.4000,
	0.4100,
	0.3950,
	0.4000,
	0.3850,
	0.3900,
	0.3950,
	0.3850,
	0.3800,
	0.3550,
	0.3550,
	0.3550,
	0.3500,
	0.3250,
	0.3000,
	0.2800,
	0.2500,
	0.2500,
	0.2500,
	0.2500,
	0.2350,
	0.2100,
	0.1750,
	0.1650,
	0.1600,
	0.1450,
	0.1400,
	0.1450,
	0.1300,
	0.1000,
	0.0800,
	0.0400,
	0.0150,
	-0.0100,
	-0.0250,
	-0.0250,
	-0.0300,
	-0.0400,
	-0.0450,
	-0.0700,
	-0.1050,
	-0.0800,
	-0.0750,
	-0.0850,
	-0.0900,
	-0.1100,
	-0.1300,
	-0.1200,
	-0.1150,
	-0.1250,
	-0.1500,
	-0.1700,
	-0.1600,
	-0.1600,
	-0.1500,
	-0.1550,
	-0.1600,
	-0.1700,
	-0.1850,
	-0.1800,
	-0.1800,
	-0.1900,
	-0.1800,
	-0.1700,
	-0.1600,
	-0.1400,
	-0.1400,
	-0.1450,
	-0.1700,
	-0.1800,
	-0.1750,
	-0.1600,
	-0.1550,
	-0.1550,
	-0.1650,
	-0.1500,
	-0.1550,
	-0.1500,
	-0.1450,
	-0.1450,
	-0.1650,
	-0.1950,
	-0.2050,
	-0.1900,
	-0.1800,
	-0.1650,
	-0.1700,
	-0.1600,
	-0.1700,
	-0.1650,
	-0.1700,
	-0.1700,
	-0.1700,
	-0.1700,
	-0.1850,
	-0.1900,
	-0.1800,
	-0.1800,
	-0.1800,
	-0.1750,
	-0.2000,
	-0.2100,
	-0.2000,
	-0.2000,
	-0.2100,
	-0.2150,
	-0.2100,
	-0.2000,
	-0.1750,
	-0.1600,
	-0.1450,
	-0.1450,
	-0.1350,
	-0.1400,
	-0.1350,
	-0.1300,
	-0.1200,
	-0.1150,
	-0.1100,
	-0.1050,
	-0.1000,
	-0.0950,
	-0.1100,
	-0.1400,
	-0.1750,
	-0.1800,
	-0.1800,
	-0.1800,
	-0.1650,
	-0.1750,
	-0.1750,
	-0.1750,
	-0.1650,
	-0.1650,
	-0.1650,
	-0.1750,
	-0.1650,
	-0.1600,
	-0.1550,
	-0.1500,
	-0.1550,
	-0.1600,
	-0.1600,
	-0.1550,
	-0.1450,
	-0.1500,
	-0.1500,
	-0.1850,
	-0.2000,
	-0.2000,
	-0.1950,
	-0.1900,
	-0.1900,
	-0.1950,
	-0.2000,
	-0.1950,
	-0.1850,
	-0.1750,
	-0.1750,
	-0.1550,
	-0.1700,
	-0.1700,
	-0.1650,
	-0.1500,
	-0.1600,
	-0.1650,
	-0.1750,
	-0.1700,
	-0.1700,
	-0.1850,
	-0.2150,
	-0.2250,
	-0.1900,
	-0.1250,
	-0.0400,
	0.0500,
	0.1250,
	0.2150,
	0.3200,
	0.4150,
	0.5000,
	0.6050,
	0.7250,
	0.8450,
	0.9400,
	1.060,
	1.110,
	1.100,
	1.005,
	0.8600,
	0.6150,
	0.2400,
	-0.1100,
	-0.3350,
	-0.4600,
	-0.5150,
	-0.5400,
	-0.5100,
	-0.4400,
	-0.3850,
	-0.3600,
	-0.3500,
	-0.3350,
	-0.3200,
	-0.2950,
	-0.3000,
	-0.3000,
	-0.3250,
	-0.3350,
	-0.3350 };

float dct8[8][8] = {
{0.3535, 0.3535, 0.3535, 0.3535, 0.3535, 0.3535, 0.3535, 0.3535},
{0.4903, 0.4157, 0.2777, 0.0975, -0.0975, -0.2777, -0.4157, -0.4903},
{0.4619,	0.1913, -0.1913, -0.4619, -0.4619, -0.1913,	0.1913, 0.4619},
{0.4157, -0.0975, -0.4903, -0.2777, 0.2777,	0.4903,	0.0975, -0.4157},
{0.3535, -0.3535, -0.3535,	0.3535, 0.3535, -0.3535, -0.3535, 0.3535},
{0.2777, -0.4903,	0.0975,	0.4157, -0.4157, -0.0975,	0.4903, -0.2777},
{0.1913, -0.4619,	0.4619, -0.1913, -0.1913,	0.4619, -0.4619, 0.1913},
{0.0975, -0.2777,	0.4157, -0.4903,	0.4903, -0.4157,	0.2777, -0.0975} 
};

float dct16[16][16] = {
{0.2500, 0.2500,	0.2500,	0.2500,	0.2500,	0.2500,	0.2500,	0.2500,	0.2500,	0.2500,	0.2500,	0.2500,	0.2500,	0.2500,	0.2500,	0.2500},
{0.3518,	0.3383,	0.3118,	0.2733,	0.2242,	0.1666,	0.1026,	0.0346, -0.0346, -0.1026, -0.1666, -0.2242, -0.2733, -0.3118, -0.3383, -0.3518},
{0.3467,	0.2939,	0.1964,	0.0689, -0.0689, -0.1964, -0.2939, -0.3467, -0.3467, -0.2939, -0.1964, -0.0689,	0.0689,	0.1964,	0.2939,	0.3467},
{0.3383,	0.2242,	0.0346, -0.1666, -0.3118, -0.3518, -0.2733, -0.1026,	0.1026,	0.2733,	0.3518,	0.3118,	0.1666, -0.0346, -0.2242, -0.3383},
{0.3266,	0.1352, -0.1352, -0.3266, -0.3266, -0.1352,	0.1352,	0.3266,	0.3266,	0.1352, -0.1352, -0.3266, -0.3266, -0.1352,	0.1352,	0.3266},
{0.3118,	0.0346, -0.2733, -0.3383, -0.1026,	0.2242,	0.3518,	0.1666, -0.1666, -0.3518, -0.2242,	0.1026,	0.3383,	0.2733, -0.0346, -0.3118},
{0.2939, -0.0689, -0.3467, -0.1964,	0.1964,	0.3467,	0.0689, -0.2939, -0.2939,	0.0689,	0.3467,	0.1964, -0.1964, -0.3467, -0.0689,	0.2939},
{0.2733, -0.1666, -0.3383,	0.0346,	0.3518,	0.1026, -0.3118, -0.2242,	0.2242,	0.3118, -0.1026, -0.3518, -0.0346,	0.3383,	0.1666, -0.2733},
{0.2500, -0.2500, -0.2500,	0.2500,	0.2500, -0.2500, -0.2500,	0.2500,	0.2500, -0.2500, -0.2500,	0.2500,	0.2500, -0.2500, -0.2500,	0.2500},
{0.2242, -0.3118, -0.1026,	0.3518, -0.03465, -0.3383,	0.1666,	0.2733, -0.2733, -0.1666,	0.3383,	0.03465, -0.3518,	0.1026,	0.3118, -0.2242},
{0.1964, -0.3467,	0.0689,	0.2939, -0.2939, -0.0689,	0.3467, -0.1964, -0.1964,	0.3467, -0.0689, -0.2939,	0.2939,	0.0689, -0.3467,	0.1964},
{0.1666, -0.3518,	0.2242,	0.1026, -0.3383,	0.2733,	0.0346, -0.3118,	0.3118, -0.0346, -0.2733,	0.3383, -0.1026, -0.2242,	0.3518, -0.1666},
{0.1352, -0.3266,	0.3266, -0.1352, -0.1352,	0.3266, -0.3266,	0.1352,	0.1352, -0.3266,	0.3266, -0.1352, -0.1352,	0.3266, -0.3266,	0.1352},
{0.1026, -0.2733,	0.3518, -0.3118,	0.1666,	0.0346, -0.2242,	0.3383, -0.3383,	0.2242, -0.0346, -0.1666,	0.3118, -0.3518,	0.2733, -0.1026},
{0.0689, -0.1964,	0.2939, -0.3467,	0.3467, -0.2939,	0.1964, -0.0689, -0.0689,	0.1964, -0.2939,	0.3467, -0.3467,	0.2939, -0.1964,	0.0689},
{0.0346, -0.1026,	0.1666, -0.2242,	0.2733, -0.3118,	0.3383, -0.3518,	0.3518, -0.3383,	0.3118, -0.2733,	0.2242, -0.1666,	0.1026, -0.0346}
};